1 1 0.782734
1.2 1 0.88691
1.4 1 0.986382
1.6 1 1.07801
1.8 1.2 1.03452
2 1.2 1.11503
2.2 1.2 1.18135
2.4 1.2 1.23099
2.6 1.4 1.16065
2.8 1.6 1.0831
3 1.8 1.04731
3.2 1.8 1.05906
3.4 1.8 1.05217
3.6 1.8 1.0425
3.8 1.8 1.03126
4 1.8 1.0159
4.2 1.8 0.99625
4.4 1.8 0.975559
4.6 2 0.960987
4.8 2.2 0.971458
5 2.2 1.08831
5.2 2 0.910032
5.2 1.8 0.681828
5.2 1.6 0.556048
5.2 1.4 0.451187
5.2 1.2 0.379057
5.2 1 0.336831
5.2 0.8 0.309544
5.4 0.6 0.00900089
5.6 0.4 0.0193831
5.8 0.4 0.0816974
6 0.6 0.0384107
6.2 0.8 0.172423
6.4 1 0.465336
6.6 1.2 0.758281
6.8 1.4 0.976882
7 1.6 1.15791
7 1.8 1.29328
7.2 2 1.51551
7.2 2.2 1.69542
7.4 2.4 1.95846
7.4 2.6 2.14832
7.4 2.8 2.32042
7.6 3 2.57764
7.8 3.2 2.80569
8 3.4 2.98696
8.2 3.6 3.10691
8.4 3.8 3.1563
8.6 4 3.13236
8.8 4.2 3.03891
9 4.4 2.88533
9 4.6 2.79797
9 4.8 2.74083
9 5 2.72055
9.2 5.2 2.85454
9.4 5.4 2.66038
9.4 5.6 2.82543
9.4 5.8 2.89235
9.4 6 2.88459
9.4 6.2 2.79539
9.4 6.4 2.60102
9.2 6.6 2.75507
9 6.8 2.64114
8.8 7 2.35382
8.8 7.2 2.1091
8.8 7.4 1.87817
8.6 7.6 1.76684
8.4 7.8 1.58861
8.2 8 1.27725
8 8 1.06514
