-50 -50 -0.0149527
-50 -48 -0.0240916
-50 -46 -0.0338545
-50 -44 -0.0410131
-50 -42 -0.0426119
-50 -40 -0.0378845
-50 -38 -0.0288204
-50 -36 -0.0187707
-50 -34 -0.0104596
-50 -32 -0.00398321
-50 -30 0.0122868
-50 -28 0.0921483
-50 -26 0.292137
-50 -24 0.449528
-50 -22 0.344243
-50 -20 0.146743
-50 -18 0.030293
-50 -16 0.00367881
-50 -14 0.004299
-50 -12 0.0111375
-50 -10 0.41749
-50 -8 0.0807314
-50 -6 0.130002
-50 -4 0.193346
-50 -2 0.45173
-50 0 0.809276
-50 2 1.30961
-50 4 2.02004
-50 6 3.01669
-50 8 4.4015
-50 10 6.21351
-50 12 8.24162
-50 14 9.91019
-50 16 10.4927
-50 18 9.61269
-50 20 7.57546
-50 22 5.16678
-50 24 3.11092
-50 26 1.70212
-50 28 0.861787
-50 30 0.397047
-50 32 0.153497
-50 34 0.0311117
-50 36 -0.0375181
-50 38 -0.0982692
-50 40 -0.171209
-50 42 -0.222116
-50 44 -0.131726
-50 46 0.186399
-50 48 0.515799
-50 50 0.495487

-48 -50 -0.0468553
-48 -48 -0.0764456
-48 -46 -0.108123
-48 -44 -0.13142
-48 -42 -0.133839
-48 -40 -0.0954124
-48 -38 -0.0903856
-48 -36 -0.0600901
-48 -34 -0.0333592
-48 -32 -0.0130098
-48 -30 0.0334715
-48 -28 0.256169
-48 -26 0.812734
-48 -24 1.27406
-48 -22 1.3649
-48 -20 0.784487
-48 -18 0.209224
-48 -16 0.0117168
-48 -14 -0.0107593
-48 -12 0.0117165
-48 -10 0.0368334
-48 -8 0.0656687
-48 -6 0.138218
-48 -4 0.272539
-48 -2 0.495507
-48 0 0.861553
-48 2 1.39649
-48 4 2.16012
-48 6 3.24233
-48 8 4.76523
-48 10 6.78154
-48 12 9.05908
-48 14 10.9456
-48 16 11.6044
-48 18 10.5795
-48 20 8.23584
-48 22 5.34917
-48 24 3.05449
-48 26 1.54808
-48 28 0.690694
-48 30 0.224194
-48 32 -0.00951215
-48 34 0.0828615
-48 36 -0.00757778
-48 38 -0.241247
-48 40 -0.35668
-48 42 -0.404179
-48 44 -0.0614328
-48 46 0.88792
-48 48 1.82009
-48 50 1.72666

-46 -50 -0.127207
-46 -48 -0.208873
-46 -46 -0.296391
-46 -44 -0.36075
-46 -42 -0.263753
-46 -40 0.672241
-46 -38 -0.174432
-46 -36 -0.164846
-46 -34 -0.0915028
-46 -32 -0.0396502
-46 -30 0.0364648
-46 -28 0.344968
-46 -26 1.10376
-46 -24 1.70604
-46 -22 1.51936
-46 -20 1.29152
-46 -18 0.358832
-46 -16 0.0170206
-46 -14 0.00459086
-46 -12 0.0113995
-46 -10 0.0281208
-46 -8 0.0642923
-46 -6 0.136508
-46 -4 0.269584
-46 -2 0.49603
-46 0 0.853195
-46 2 1.38143
-46 4 2.13189
-46 6 3.18558
-46 8 4.65114
-46 10 6.5728
-46 12 8.74373
-46 14 10.5218
-46 16 11.052
-46 18 9.91592
-46 20 7.3687
-46 22 4.36792
-46 24 2.09989
-46 26 0.803639
-46 28 0.147959
-46 30 -0.208359
-46 32 -0.371346
-46 34 -0.403825
-46 36 -0.40785
-46 38 -0.481513
-46 40 -0.650164
-46 42 -0.721781
-46 44 -0.140098
-46 46 1.47013
-46 48 3.05388
-46 50 2.89917

-44 -50 -0.297276
-44 -48 -0.489375
-44 -46 -0.695313
-44 -44 -0.847067
-44 -42 -0.844734
-44 -40 -0.44494
-44 -38 -0.569021
-44 -36 -0.316052
-44 -34 -0.214599
-44 -32 -0.099695
-44 -30 -0.00608427
-44 -28 0.218082
-44 -26 0.729432
-44 -24 1.12852
-44 -22 0.890506
-44 -20 0.460022
-44 -18 -0.12918
-44 -16 -0.254982
-44 -14 0.0035472
-44 -12 0.00993385
-44 -10 0.0251269
-44 -8 0.0582372
-44 -6 0.124617
-44 -4 0.247201
-44 -2 0.455919
-44 0 0.784584
-44 2 1.26773
-44 4 1.94406
-44 6 2.86867
-44 8 4.23824
-44 10 5.71531
-44 12 7.7221
-44 14 9.3331
-44 16 9.26079
-44 18 7.92851
-44 20 5.41897
-44 22 2.54083
-44 24 0.494667
-44 26 -0.419661
-44 28 -0.767847
-44 30 -0.951084
-44 32 -0.987546
-44 34 -0.890257
-44 36 -0.785659
-44 38 -0.819374
-44 40 -1.01
-44 42 -1.24756
-44 44 -0.805337
-44 46 0.742796
-44 48 2.35768
-44 50 2.27607

-42 -50 -0.596584
-42 -48 -0.981672
-42 -46 -1.39439
-42 -44 -1.70423
-42 -42 -1.82152
-42 -40 -1.56882
-42 -38 -1.1894
-42 -36 -0.770391
-42 -34 -0.427748
-42 -32 -0.203585
-42 -30 -0.0730266
-42 -28 0.0446848
-42 -26 0.227844
-42 -24 0.36279
-42 -22 0.274443
-42 -20 0.102777
-42 -18 -0.0408561
-42 -16 -0.0645633
-42 -14 0.00203322
-42 -12 0.00703321
-42 -10 0.0194648
-42 -8 0.047203
-42 -6 0.103684
-42 -4 0.210808
-42 -2 0.387873
-42 0 0.668476
-42 2 1.079
-42 4 1.64246
-42 6 2.38423
-42 8 3.32993
-42 10 4.53362
-42 12 6.42823
-42 14 7.84644
-42 16 7.0066
-42 18 5.54071
-42 20 3.3507
-42 22 0.848816
-42 24 -0.893677
-42 26 -1.61067
-42 28 -1.77286
-42 30 -1.93235
-42 32 -1.87724
-42 34 -1.56829
-42 36 -1.27181
-42 38 -1.20748
-42 40 -1.17372
-42 42 -1.86208
-42 44 -1.93124
-42 46 -1.21911
-42 48 -0.26198
-42 50 -0.143259

-40 -50 -1.02852
-40 -48 -1.68668
-40 -46 -2.39074
-40 -44 -2.90576
-40 -42 -3.01747
-40 -40 -2.65828
-40 -38 -1.99627
-40 -36 -1.28359
-40 -34 -0.712918
-40 -32 -0.343603
-40 -30 -0.14274
-40 -28 -0.0419702
-40 -26 0.018976
-40 -24 0.0512764
-40 -22 0.0405685
-40 -20 0.0141934
-40 -18 0.00133223
-40 -16 -0.00121229
-40 -14 -0.000802079
-40 -12 0.00201727
-40 -10 0.0104468
-40 -8 -0.00273104
-40 -6 -0.251656
-40 -4 0.278268
-40 -2 0.334895
-40 0 0.523206
-40 2 0.848553
-40 4 1.2871
-40 6 1.84201
-40 8 2.5062
-40 10 3.27185
-40 12 4.25426
-40 14 4.95745
-40 16 4.50788
-40 18 3.50836
-40 20 1.88205
-40 22 -0.0534927
-40 24 -1.57243
-40 26 -2.42291
-40 28 -2.76946
-40 30 -3.09211
-40 32 -3.61126
-40 34 -2.73146
-40 36 -1.80117
-40 38 -1.55146
-40 40 -1.75096
-40 42 -2.28053
-40 44 -2.79499
-40 46 -2.49615
-40 48 -2.63391
-40 50 -2.34274

-38 -50 -1.52882
-38 -48 -2.5281
-38 -46 -3.55166
-38 -44 -4.2387
-38 -42 -4.34671
-38 -40 -3.75261
-38 -38 -2.73153
-38 -36 -1.71061
-38 -34 -1.06831
-38 -32 -0.471145
-38 -30 -0.206903
-38 -28 -0.0799524
-38 -26 -0.0267624
-38 -24 -0.0131874
-38 -22 -0.0732075
-38 -20 -0.00780173
-38 -18 -0.00348487
-38 -16 -0.00465082
-38 -14 -0.00604755
-38 -12 -0.00663633
-38 -10 -0.00358876
-38 -8 0.020768
-38 -6 0.101128
-38 -4 0.21583
-38 -2 0.231658
-38 0 0.364513
-38 2 0.606763
-38 4 0.92952
-38 6 1.32499
-38 8 1.77133
-38 10 2.00036
-38 12 2.63128
-38 14 2.85439
-38 16 2.69582
-38 18 2.07978
-38 20 0.961503
-38 22 -0.475055
-38 24 -1.85676
-38 26 -2.93356
-38 28 -3.62233
-38 30 -3.92923
-38 32 -4.23921
-38 34 -3.06179
-38 36 -2.13618
-38 38 -1.74486
-38 40 -1.82374
-38 42 -2.31667
-38 44 -2.9628
-38 46 -3.39862
-38 48 -3.45986
-38 50 -3.11494

-36 -50 -1.97439
-36 -48 -3.22178
-36 -46 -4.48013
-36 -44 -5.2729
-36 -42 -5.2684
-36 -40 -4.3079
-36 -38 -2.87673
-36 -36 -1.65954
-36 -34 -0.916535
-36 -32 -0.496896
-36 -30 -0.244819
-36 -28 -0.105599
-36 -26 -0.0424065
-36 -24 -0.0574723
-36 -22 -0.463808
-36 -20 -0.0410655
-36 -18 -0.00780118
-36 -16 -0.0107374
-36 -14 -0.015678
-36 -12 -0.0218223
-36 -10 -0.0251339
-36 -8 0.115347
-36 -6 0.639012
-36 -4 -0.943596
-36 -2 0.0218304
-36 0 0.199174
-36 2 0.371586
-36 4 0.58662
-36 6 0.841179
-36 8 1.17518
-36 10 1.386
-36 12 1.06518
-36 14 1.56304
-36 16 1.60527
-36 18 1.15515
-36 20 0.34574
-36 22 -0.774395
-36 24 -2.03139
-36 26 -3.18328
-36 28 -3.97384
-36 30 -4.19854
-36 32 -3.84316
-36 34 -3.05266
-36 36 -2.23801
-36 38 -1.7214
-36 40 -1.65734
-36 42 -2.04314
-36 44 -2.54905
-36 46 -2.99307
-36 48 -3.09886
-36 50 -2.79182

-34 -50 -2.25434
-34 -48 -3.51002
-34 -46 -4.81407
-34 -44 -5.62917
-34 -42 -5.38278
-34 -40 -3.97712
-34 -38 -2.17563
-34 -36 -0.970177
-34 -34 -0.530414
-34 -32 -0.383851
-34 -30 -0.246441
-34 -28 -0.12728
-34 -26 -0.0588089
-34 -24 -0.0299052
-34 -22 -0.0352139
-34 -20 -0.0145313
-34 -18 -0.0151167
-34 -16 -0.021836
-34 -14 -0.0351791
-34 -12 -0.0510285
-34 -10 -0.0652807
-34 -8 0.0140274
-34 -6 0.388027
-34 -4 -0.148564
-34 -2 -0.0807933
-34 0 -0.0106582
-34 2 0.142026
-34 4 0.304346
-34 6 0.495637
-34 8 0.718755
-34 10 0.806575
-34 12 -0.558317
-34 14 0.583442
-34 16 0.951701
-34 18 0.608492
-34 20 -0.012888
-34 22 -0.913121
-34 24 -1.99411
-34 26 -3.04024
-34 28 -3.77042
-34 30 -3.96191
-34 32 -3.58521
-34 34 -2.83834
-34 36 -2.04405
-34 38 -1.49054
-34 40 -1.32014
-34 42 -1.50749
-34 44 -1.86605
-34 46 -2.22123
-34 48 -2.29571
-34 50 -1.75895

-32 -50 -2.3586
-32 -48 -3.49036
-32 -46 -4.63936
-32 -44 -5.27797
-32 -42 -4.80965
-32 -40 -3.15362
-32 -38 -1.2364
-32 -36 -0.208467
-32 -34 -0.126773
-32 -32 -0.271544
-32 -30 -0.268064
-32 -28 -0.177095
-32 -26 -0.0958712
-32 -24 -0.0506616
-32 -22 -0.070729
-32 -20 -0.0232966
-32 -18 -0.027563
-32 -16 -0.0532579
-32 -14 -0.277703
-32 -12 -0.33432
-32 -10 -0.153025
-32 -8 -0.177526
-32 -6 -0.236659
-32 -4 -0.337137
-32 -2 -0.332687
-32 0 -0.238138
-32 2 -0.0964055
-32 4 0.0438342
-32 6 0.207778
-32 8 0.38345
-32 10 0.537794
-32 12 0.571333
-32 14 0.664173
-32 16 0.604212
-32 18 0.350788
-32 20 -0.115816
-32 22 -0.807843
-32 24 -1.65734
-32 26 -2.49168
-32 28 -3.07604
-32 30 -3.22431
-32 32 -2.91052
-32 34 -2.29217
-32 36 -1.62434
-32 38 -1.13205
-32 40 -0.924339
-32 42 -0.978924
-32 44 -1.18558
-32 46 -1.50453
-32 48 -1.64344
-32 50 -0.891095

-30 -50 -2.40216
-30 -48 -3.27676
-30 -46 -4.13533
-30 -44 -4.55905
-30 -42 -4.06576
-30 -40 -2.60085
-30 -38 -0.978321
-30 -36 -0.151076
-30 -34 -0.180392
-30 -32 -0.418938
-30 -30 -0.498694
-30 -28 -0.403949
-30 -26 -0.23983
-30 -24 -0.165386
-30 -22 -1.24259
-30 -20 0.581892
-30 -18 -0.0375501
-30 -16 -0.160446
-30 -14 -2.07947
-30 -12 -1.75522
-30 -10 -0.375386
-30 -8 -0.330986
-30 -6 -0.490025
-30 -4 -0.671613
-30 -2 -0.679236
-30 0 -0.522149
-30 2 -0.365617
-30 4 -0.216637
-30 6 -0.127716
-30 8 0.144797
-30 10 0.318809
-30 12 0.450289
-30 14 0.511446
-30 16 0.47357
-30 18 0.305492
-30 20 -0.0218011
-30 22 -0.515146
-30 24 -1.12371
-30 26 -1.72244
-30 28 -2.14379
-30 30 -2.25536
-30 32 -2.03802
-30 34 -1.60115
-30 36 -1.12134
-30 38 -0.752849
-30 40 -0.569362
-30 42 -0.555185
-30 44 -0.633718
-30 46 -0.64081
-30 48 0.040666
-30 50 0.766885

-28 -50 -2.56871
-28 -48 -3.15036
-28 -46 -3.68356
-28 -44 -3.91024
-28 -42 -3.53565
-28 -40 -2.53326
-28 -38 -1.39879
-28 -36 -0.762803
-28 -34 -0.496931
-28 -32 -0.704355
-28 -30 -1.32311
-28 -28 -1.1819
-28 -26 -0.715152
-28 -24 -0.303566
-28 -22 -0.144789
-28 -20 0.0152596
-28 -18 -0.0758759
-28 -16 -0.156179
-28 -14 -0.837078
-28 -12 -1.05026
-28 -10 -0.452817
-28 -8 -0.528155
-28 -6 -0.727479
-28 -4 -0.93599
-28 -2 -0.973715
-28 0 -0.841496
-28 2 -0.674932
-28 4 -0.487257
-28 6 -0.259473
-28 8 -0.0136734
-28 10 0.405449
-28 12 0.396843
-28 14 0.502373
-28 16 0.513894
-28 18 0.428056
-28 20 0.241151
-28 22 -0.0780833
-28 24 -0.536037
-28 26 -0.962193
-28 28 -1.25116
-28 30 -1.34629
-28 32 -1.22348
-28 34 -0.963609
-28 36 -0.670248
-28 38 -0.437017
-28 40 -0.308239
-28 42 -0.269502
-28 44 -0.200644
-28 46 0.356754
-28 48 1.91577
-28 50 2.48823

-26 -50 -3.00087
-26 -48 -3.29755
-26 -46 -3.52094
-26 -44 -3.60495
-26 -42 -3.34092
-26 -40 -2.70286
-26 -38 -1.95783
-26 -36 -1.47873
-26 -34 -1.55633
-26 -32 -2.24895
-26 -30 -2.96606
-26 -28 -2.75114
-26 -26 -1.66798
-26 -24 -0.673486
-26 -22 -0.219195
-26 -20 -0.108481
-26 -18 -0.118544
-26 -16 -0.178349
-26 -14 -0.298941
-26 -12 -0.441827
-26 -10 -0.590375
-26 -8 -0.790418
-26 -6 -1.01094
-26 -4 -1.20529
-26 -2 -1.2807
-26 0 -2.14338
-26 2 -1.03154
-26 4 -0.757084
-26 6 -0.427233
-26 8 -0.167273
-26 10 0.00109492
-26 12 0.469719
-26 14 0.644285
-26 16 0.711268
-26 18 0.86594
-26 20 1.20944
-26 22 1.29976
-26 24 0.303394
-26 26 -0.34924
-26 28 -0.566411
-26 30 -0.666425
-26 32 -0.618945
-26 34 -0.495281
-26 36 -0.345109
-26 38 -0.220572
-26 40 -0.149317
-26 42 -0.116875
-26 44 -0.0124426
-26 46 0.573701
-26 48 1.77393
-26 50 1.97842

-24 -50 -3.51504
-24 -48 -3.35252
-24 -46 -3.37101
-24 -44 -3.59634
-24 -42 -3.53584
-24 -40 -3.03856
-24 -38 -2.4409
-24 -36 -2.04358
-24 -34 -2.27539
-24 -32 -3.39437
-24 -30 -4.55808
-24 -28 -4.26504
-24 -26 -2.58894
-24 -24 -1.03848
-24 -22 -0.330651
-24 -20 -0.158642
-24 -18 -0.172239
-24 -16 -0.256977
-24 -14 -0.398773
-24 -12 -0.598406
-24 -10 -0.849452
-24 -8 -1.13194
-24 -6 -1.40993
-24 -4 -1.62816
-24 -2 -1.71765
-24 0 -1.65703
-24 2 -1.36634
-24 4 -0.953006
-24 6 -0.46609
-24 8 -0.603239
-24 10 -1.19675
-24 12 0.618485
-24 14 0.937347
-24 16 1.06564
-24 18 1.78476
-24 20 3.40022
-24 22 2.69362
-24 24 0.753557
-24 26 0.0804156
-24 28 -0.127786
-24 30 -0.234838
-24 32 -0.257272
-24 34 -0.219023
-24 36 -0.155915
-24 38 -0.104874
-24 40 -0.419191
-24 42 -0.460915
-24 44 -0.0180802
-24 46 0.183099
-24 48 0.546266
-24 50 0.588506

-22 -50 -4.03251
-22 -48 -3.3052
-22 -46 -3.43514
-22 -44 -4.18103
-22 -42 -4.32202
-22 -40 -3.66733
-22 -38 -2.99386
-22 -36 -2.52167
-22 -34 -2.63216
-22 -32 -3.6021
-22 -30 -4.63529
-22 -28 -4.28118
-22 -26 -2.60883
-22 -24 -1.07581
-22 -22 -0.373719
-22 -20 -0.206406
-22 -18 -0.758422
-22 -16 -0.353632
-22 -14 -0.546862
-22 -12 -0.817972
-22 -10 -1.1577
-22 -8 -1.53624
-22 -6 -1.8958
-22 -4 -2.15759
-22 -2 -2.2293
-22 0 -2.03998
-22 2 -1.57933
-22 4 -0.92032
-22 6 -0.259014
-22 8 -0.384961
-22 10 0.53712
-22 12 1.21279
-22 14 1.39773
-22 16 1.50664
-22 18 2.28237
-22 20 3.72488
-22 22 2.72461
-22 24 0.932257
-22 26 0.328368
-22 28 0.0927476
-22 30 -0.0485503
-22 32 -0.10922
-22 34 -0.109672
-22 36 -0.0809301
-22 38 -0.0658789
-22 40 -0.956171
-22 42 -1.09977
-22 44 -0.0363545
-22 46 0.0140739
-22 48 0.0588523
-22 50 0.0645192

-20 -50 -6.00622
-20 -48 -5.49529
-20 -46 -5.31376
-20 -44 -6.08122
-20 -42 -5.75146
-20 -40 -4.59861
-20 -38 -3.7059
-20 -36 -3.10287
-20 -34 -2.76596
-20 -32 -2.98398
-20 -30 -3.34327
-20 -28 -2.94057
-20 -26 -1.81226
-20 -24 -0.829566
-20 -22 -0.252262
-20 -20 -0.114776
-20 -18 -0.30094
-20 -16 -0.463242
-20 -14 -0.712126
-20 -12 -1.05965
-20 -10 -1.54029
-20 -8 -2.20493
-20 -6 -2.43019
-20 -4 -2.69218
-20 -2 -2.68725
-20 0 -2.28897
-20 2 -1.49866
-20 4 -0.464462
-20 6 0.544626
-20 8 1.13604
-20 10 1.81152
-20 12 2.02343
-20 14 2.05419
-20 16 2.28518
-20 18 3.31162
-20 20 3.76707
-20 22 1.91685
-20 24 0.860158
-20 26 0.419588
-20 28 0.125099
-20 30 -0.0646251
-20 32 -0.144832
-20 34 -0.141595
-20 36 -0.099069
-20 38 -0.0553958
-20 40 -0.0754161
-20 42 -0.0694207
-20 44 -0.00656232
-20 46 -0.00266465
-20 48 -0.0001043
-20 50 0.000545779

-18 -50 -7.77114
-18 -48 -7.73211
-18 -46 -7.61412
-18 -44 -7.6539
-18 -42 -6.84061
-18 -40 -5.58334
-18 -38 -4.53286
-18 -36 -3.94331
-18 -34 -3.07293
-18 -32 -2.46869
-18 -30 -2.17769
-18 -28 -1.71073
-18 -26 -1.07966
-18 -24 -0.553778
-18 -22 0.440587
-18 -20 0.748033
-18 -18 -0.322023
-18 -16 -0.582205
-18 -14 -0.88682
-18 -12 -1.3097
-18 -10 -2.12627
-18 -8 -3.84989
-18 -6 -3.03509
-18 -4 -3.16228
-18 -2 -3.00953
-18 0 -2.29101
-18 2 -1.03167
-18 4 0.506428
-18 6 1.90788
-18 8 2.82493
-18 10 3.16712
-18 12 3.08847
-18 14 2.85976
-18 16 3.10902
-18 18 3.6971
-18 20 3.68181
-18 22 1.76037
-18 24 0.871818
-18 26 0.378384
-18 28 -0.0169468
-18 30 -0.265629
-18 32 -0.346465
-18 34 -0.299009
-18 36 -0.197211
-18 38 -0.10349
-18 40 -0.0439735
-18 42 -0.0153967
-18 44 -0.00470462
-18 46 -0.00162489
-18 48 -0.000884698
-18 50 -0.000679254

-16 -50 -9.31134
-16 -48 -9.41708
-16 -46 -9.18061
-16 -44 -8.64942
-16 -42 -7.7201
-16 -40 -6.56601
-16 -38 -5.45906
-16 -36 -4.26439
-16 -34 -3.26259
-16 -32 -2.43261
-16 -30 -1.73768
-16 -28 -1.32514
-16 -26 -0.706417
-16 -24 -0.459152
-16 -22 -0.0789603
-16 -20 0.0209975
-16 -18 -0.458286
-16 -16 -0.710802
-16 -14 -1.06762
-16 -12 -1.55653
-16 -10 -2.18937
-16 -8 -2.96613
-16 -6 -3.33876
-16 -4 -3.54272
-16 -2 -3.19586
-16 0 -2.09234
-16 2 -0.298113
-16 4 1.79569
-16 6 3.58205
-16 8 4.57652
-16 10 4.69846
-16 12 4.24253
-16 14 3.60202
-16 16 3.05591
-16 18 2.74293
-16 20 2.31222
-16 22 1.5061
-16 24 0.830857
-16 26 0.216273
-16 28 -0.29723
-16 30 -0.606098
-16 32 -0.669981
-16 34 -0.546793
-16 36 -0.351774
-16 38 -0.182271
-16 40 -0.0766642
-16 42 -0.0262445
-16 44 -0.00734335
-16 46 -0.00173843
-16 48 -0.000425336
-16 50 -0.000173133

-14 -50 -10.6731
-14 -48 -10.81
-14 -46 -10.5082
-14 -44 -9.80404
-14 -42 -8.77088
-14 -40 -7.52535
-14 -38 -6.19562
-14 -36 -4.89327
-14 -34 -3.69463
-14 -32 -2.4169
-14 -30 -1.44989
-14 -28 -0.728546
-14 -26 -0.112935
-14 -24 -0.240716
-14 -22 -0.373638
-14 -20 -0.446366
-14 -18 -0.591302
-14 -16 -0.855078
-14 -14 -1.26105
-14 -12 -1.80825
-14 -10 -2.46597
-14 -8 -3.15174
-14 -6 -3.70502
-14 -4 -3.87184
-14 -2 -3.3506
-14 0 -1.92467
-14 2 0.246577
-14 4 2.87037
-14 6 4.95828
-14 8 5.98995
-14 10 5.89916
-14 12 5.10319
-14 14 4.13304
-14 16 3.30647
-14 18 2.94614
-14 20 2.06126
-14 22 1.42415
-14 24 0.646179
-14 26 -0.00506694
-14 28 -0.615712
-14 30 -0.968967
-14 32 -1.00566
-14 34 -0.801013
-14 36 -0.509907
-14 38 -0.263205
-14 40 -0.11078
-14 42 -0.0382076
-14 44 -0.0109003
-14 46 -0.00245627
-14 48 -0.0104694
-14 50 -0.00727975

-12 -50 -11.7584
-12 -48 -11.9222
-12 -46 -11.6007
-12 -44 -10.8312
-12 -42 -9.702
-12 -40 -8.33621
-12 -38 -6.86966
-12 -36 -5.42561
-12 -34 -4.06168
-12 -32 -2.61934
-12 -30 -0.7801
-12 -28 0.929387
-12 -26 1.1904
-12 -24 0.326153
-12 -22 -0.30976
-12 -20 -0.537601
-12 -18 -0.723714
-12 -16 -1.03039
-12 -14 -1.48707
-12 -12 -2.08851
-12 -10 -2.79749
-12 -8 -3.52296
-12 -6 -4.09294
-12 -4 -4.23849
-12 -2 -3.62855
-12 0 -1.67132
-12 2 0.360772
-12 4 3.09868
-12 6 5.31147
-12 8 6.36036
-12 10 6.18717
-12 12 5.26029
-12 14 4.16808
-12 16 3.25506
-12 18 2.5564
-12 20 1.94734
-12 22 1.34175
-12 24 0.562348
-12 26 -0.192792
-12 28 -0.832887
-12 30 -1.19495
-12 32 -1.20591
-12 34 -0.949778
-12 36 -0.602743
-12 38 -0.317115
-12 40 -0.134171
-12 42 -0.0536187
-12 44 -0.0263327
-12 46 -0.00327754
-12 48 -0.0663824
-12 50 -0.0476263

-10 -50 -12.4672
-10 -48 -12.6642
-10 -46 -12.3468
-10 -44 -11.5508
-10 -42 -10.3667
-10 -40 -8.93869
-10 -38 -7.36722
-10 -36 -5.81977
-10 -34 -4.33958
-10 -32 -2.66852
-10 -30 -0.335719
-10 -28 1.72643
-10 -26 1.98815
-10 -24 0.699176
-10 -22 -0.300787
-10 -20 -0.654665
-10 -18 -0.897616
-10 -16 -1.26047
-10 -14 -1.77837
-10 -12 -2.44016
-10 -10 -3.14381
-10 -8 -3.96848
-10 -6 -4.55204
-10 -4 -3.76747
-10 -2 -4.20899
-10 0 -2.69954
-10 2 -0.451953
-10 4 2.14758
-10 6 4.27775
-10 8 5.34493
-10 10 5.28752
-10 12 4.5273
-10 14 3.50167
-10 16 2.91887
-10 18 2.21008
-10 20 1.67275
-10 22 1.09301
-10 24 0.423909
-10 26 -0.273613
-10 28 -0.862195
-10 30 -1.18651
-10 32 -1.18082
-10 34 -0.925319
-10 36 -0.61862
-10 38 -0.579866
-10 40 -0.248902
-10 42 -0.0700298
-10 44 -0.0382389
-10 46 0.0208912
-10 48 0.0104307
-10 50 0.00139982

-8 -50 -12.7418
-8 -48 -12.9811
-8 -46 -12.6953
-8 -44 -11.914
-8 -42 -10.7304
-8 -40 -9.51619
-8 -38 -7.72153
-8 -36 -6.06185
-8 -34 -4.548
-8 -32 -2.9499
-8 -30 -0.931816
-8 -28 0.735752
-8 -26 1.09273
-8 -24 0.236698
-8 -22 -0.510346
-8 -20 -0.834829
-8 -18 -1.13282
-8 -16 -1.5727
-8 -14 -2.17404
-8 -12 -2.91637
-8 -10 -3.73872
-8 -8 -4.57039
-8 -6 -5.27429
-8 -4 -5.45842
-8 -2 -4.87961
-8 0 -3.9337
-8 2 -2.02531
-8 4 0.187299
-8 6 2.08162
-8 8 3.17672
-8 10 3.40194
-8 12 3.05667
-8 14 2.49779
-8 16 2.04838
-8 18 1.64613
-8 20 1.25223
-8 22 0.798791
-8 24 0.269868
-8 26 -0.281484
-8 28 -0.741246
-8 30 -0.987109
-8 32 -0.970543
-8 34 -0.757572
-8 36 -0.551079
-8 38 -0.852078
-8 40 -0.363881
-8 42 -0.000319517
-8 44 0.175578
-8 46 0.244531
-8 48 0.0998631
-8 50 0.0128163

-6 -50 -12.5785
-6 -48 -12.8714
-6 -46 -12.6464
-6 -44 -11.923
-6 -42 -10.7799
-6 -40 -9.36387
-6 -38 -7.75489
-6 -36 -6.15416
-6 -34 -4.66271
-6 -32 -3.26919
-6 -30 -1.87576
-6 -28 -0.711058
-6 -26 -0.312731
-6 -24 -0.537454
-6 -22 -0.819004
-6 -20 -1.07249
-6 -18 -1.44409
-6 -16 -2.05797
-6 -14 -2.71161
-6 -12 -3.56519
-6 -10 -4.49784
-6 -8 -5.40448
-6 -6 -6.13859
-6 -4 -6.51369
-6 -2 -6.32553
-6 0 -5.48807
-6 2 -4.03668
-6 4 -2.27503
-6 6 -0.688698
-6 8 0.431039
-6 10 1.00995
-6 12 1.19464
-6 14 1.18241
-6 16 1.09003
-6 18 0.942308
-6 20 0.723816
-6 22 0.425164
-6 24 0.0512775
-6 26 -0.31979
-6 28 -0.600784
-6 30 -0.745253
-6 32 -0.711685
-6 34 -0.547743
-6 36 -0.351524
-6 38 -0.240758
-6 40 -0.0878614
-6 42 0.106179
-6 44 0.517315
-6 46 0.664675
-6 48 0.283345
-6 50 0.03813

-4 -50 -12.0217
-4 -48 -12.3781
-4 -46 -12.2393
-4 -44 -11.6114
-4 -42 -10.559
-4 -40 -9.1952
-4 -38 -7.66299
-4 -36 -6.11108
-4 -34 -4.66841
-4 -32 -3.41348
-4 -30 -2.36621
-4 -28 -1.5734
-4 -26 -1.16903
-4 -24 -1.00606
-4 -22 -1.08428
-4 -20 -1.35481
-4 -18 -1.83956
-4 -16 -3.09548
-4 -14 -3.42491
-4 -12 -4.4114
-4 -10 -5.48759
-4 -8 -6.97069
-4 -6 -7.34992
-4 -4 -7.8341
-4 -2 -7.82444
-4 0 -7.25112
-4 2 -6.14058
-4 4 -4.22896
-4 6 -3.3858
-4 8 -2.39724
-4 10 -1.47808
-4 12 -0.759039
-4 14 -0.239605
-4 16 0.0683636
-4 18 0.17825
-4 20 0.131385
-4 22 -0.0309259
-4 24 -0.765679
-4 26 -1.0363
-4 28 -0.575944
-4 30 -0.599059
-4 32 -0.530369
-4 34 -0.387883
-4 36 -0.227415
-4 38 -0.0948003
-4 40 -0.00156026
-4 42 0.131942
-4 44 0.458478
-4 46 0.567499
-4 48 0.535584
-4 50 0.0429169

-2 -50 -11.1459
-2 -48 -11.567
-2 -46 -11.5269
-2 -44 -11.0171
-2 -42 -10.0872
-2 -40 -8.83844
-2 -38 -7.40778
-2 -36 -5.94835
-2 -34 -4.60852
-2 -32 -3.49479
-2 -30 -2.63506
-2 -28 -1.9932
-2 -26 -2.27675
-2 -24 -1.37244
-2 -22 -1.35256
-2 -20 -1.687
-2 -18 -2.2987
-2 -16 -3.16064
-2 -14 -4.22703
-2 -12 -5.44054
-2 -10 -6.70357
-2 -8 -7.88835
-2 -6 -8.84691
-2 -4 -9.43125
-2 -2 -9.53267
-2 0 -9.13082
-2 2 -8.28881
-2 4 -6.92093
-2 6 -6.09717
-2 8 -5.08658
-2 10 -3.8388
-2 12 -2.6306
-2 14 -1.6112
-2 16 -0.926651
-2 18 -0.580846
-2 20 -0.478591
-2 22 -0.518933
-2 24 -1.07144
-2 26 -1.19804
-2 28 -0.670337
-2 30 -0.593371
-2 32 -0.464686
-2 34 -0.296354
-2 36 -0.124865
-2 38 0.0180474
-2 40 0.121071
-2 42 0.210418
-2 44 0.264463
-2 46 0.258783
-2 48 0.144678
-2 50 0.0623331

0 -50 -10.037
0 -48 -10.4996
0 -46 -10.5446
0 -44 -10.1496
0 -42 -9.35216
0 -40 -8.24429
0 -38 -6.95975
0 -36 -5.66769
0 -34 -4.67037
0 -32 -3.83258
0 -30 -3.21063
0 -28 -2.74539
0 -26 -2.23425
0 -24 -1.81266
0 -22 -1.72911
0 -20 -2.07742
0 -18 -2.81298
0 -16 -3.85963
0 -14 -5.14706
0 -12 -6.5907
0 -10 -8.07328
0 -8 -9.44615
0 -6 -10.5465
0 -4 -11.1007
0 -2 -11.1315
0 0 -11.0546
0 2 -10.3441
0 4 -9.45095
0 6 -8.47643
0 8 -7.31729
0 10 -5.86501
0 12 -4.25122
0 14 -2.81434
0 16 -1.81593
0 18 -1.2766
0 20 -1.05642
0 22 -0.996191
0 24 -0.990266
0 26 -0.952172
0 28 -0.844552
0 30 -0.682431
0 32 -0.463938
0 34 -0.215787
0 36 0.0332915
0 38 0.252101
0 40 0.530348
0 42 1.13685
0 44 0.567977
0 46 0.351722
0 48 0.24176
0 50 0.145089

2 -50 -9.02924
2 -48 -9.26192
2 -46 -9.29
2 -44 -8.97117
2 -42 -8.28908
2 -40 -7.33563
2 -38 -6.2479
2 -36 -5.22593
2 -34 -4.73173
2 -32 -4.41713
2 -30 -4.29963
2 -28 -4.18995
2 -26 -3.5576
2 -24 -2.70797
2 -22 -2.27421
2 -20 -2.51779
2 -18 -3.33729
2 -16 -4.56392
2 -14 -6.07417
2 -12 -7.75581
2 -10 -9.46873
2 -8 -11.0412
2 -6 -12.2908
2 -4 -13.0547
2 -2 -13.6584
2 0 -12.9051
2 2 -12.1636
2 4 -11.2412
2 6 -10.21
2 8 -8.93261
2 10 -7.27314
2 12 -5.64219
2 14 -3.70847
2 16 -2.1984
2 18 -1.85071
2 20 -1.55062
2 22 -1.42623
2 24 -1.34483
2 26 -1.22976
2 28 -1.04484
2 30 -0.780131
2 32 -0.419085
2 34 -0.0399582
2 36 0.362133
2 38 0.766532
2 40 1.10643
2 42 1.69826
2 44 1.09088
2 46 0.766514
2 48 0.531446
2 50 0.321933

4 -50 -7.39852
4 -48 -7.7133
4 -46 -7.73114
4 -44 -7.41216
4 -42 -6.80076
4 -40 -6.00324
4 -38 -5.16396
4 -36 -4.50505
4 -34 -4.29585
4 -32 -4.53718
4 -30 -5.09309
4 -28 -5.62936
4 -26 -5.14381
4 -24 -3.80722
4 -22 -2.89211
4 -20 -2.94879
4 -18 -3.80891
4 -16 -4.90574
4 -14 -6.90305
4 -12 -8.80117
4 -10 -10.7254
4 -8 -12.4828
4 -6 -13.8706
4 -4 -14.7158
4 -2 -14.9495
4 0 -14.5723
4 2 -13.2127
4 4 -12.4908
4 6 -11.2349
4 8 -9.7269
4 10 -7.90016
4 12 -5.92722
4 14 -4.18384
4 16 -2.95815
4 18 -2.25763
4 20 -1.91573
4 22 -1.7486
4 24 -1.61991
4 26 -1.568
4 28 -1.18236
4 30 -0.806225
4 32 -0.311116
4 34 0.287888
4 36 0.942231
4 38 1.56312
4 40 1.95138
4 42 2.08073
4 44 1.88416
4 46 1.49258
4 48 1.03379
4 50 0.625475

6 -50 -5.77666
6 -48 -5.98109
6 -46 -5.85339
6 -44 -5.43239
6 -42 -4.8279
6 -40 -4.17663
6 -38 -3.62305
6 -36 -3.36914
6 -34 -3.58139
6 -32 -3.97191
6 -30 -4.64519
6 -28 -5.94069
6 -26 -5.97807
6 -24 -4.49
6 -22 -3.30149
6 -20 -3.25528
6 -18 -4.16782
6 -16 -5.69727
6 -14 -7.5255
6 -12 -9.87647
6 -10 -11.6412
6 -8 -13.5689
6 -6 -15.0658
6 -4 -15.9688
6 -2 -16.6673
6 0 -16.7991
6 2 -14.6425
6 4 -13.2322
6 6 -11.6272
6 8 -9.84418
6 10 -7.90022
6 12 -5.96515
6 14 -4.32263
6 16 -3.16546
6 18 -2.48061
6 20 -2.1225
6 22 -1.92651
6 24 -1.76301
6 26 -1.54631
6 28 -1.87421
6 30 -0.716834
6 32 -0.0308452
6 34 0.838953
6 36 1.81574
6 38 2.73037
6 40 3.35735
6 42 3.52503
6 44 3.20604
6 46 2.53991
6 48 1.75689
6 50 1.06219

8 -50 -4.19796
8 -48 -4.12296
8 -46 -3.71656
8 -44 -3.10851
8 -42 -2.44792
8 -40 -1.9258
8 -38 -1.67122
8 -36 -1.80919
8 -34 -2.4106
8 -32 -3.14923
8 -30 -4.07744
8 -28 -5.46512
8 -26 -5.59061
8 -24 -4.32557
8 -22 -3.29805
8 -20 -3.35296
8 -18 -4.39597
8 -16 -6.59097
8 -14 -7.8347
8 -12 -9.43196
8 -10 -11.3017
8 -8 -14.0543
8 -6 -15.6923
8 -4 -16.6221
8 -2 -16.8519
8 0 -16.3481
8 2 -15.0853
8 4 -13.4537
8 6 -11.5496
8 8 -9.55525
8 10 -7.58403
8 12 -5.74746
8 14 -4.24384
8 16 -3.18198
8 18 -2.52781
8 20 -2.16371
8 22 -1.9465
8 24 -1.75995
8 26 -1.5286
8 28 -1.20953
8 30 -0.592317
8 32 0.348727
8 34 1.53743
8 36 2.88573
8 38 4.16511
8 40 5.04591
8 42 5.26435
8 44 4.77371
8 46 3.77633
8 48 2.61014
8 50 1.57739

10 -50 -2.67818
10 -48 -2.27928
10 -46 -1.55809
10 -44 -0.6908
10 -42 0.0615545
10 -40 0.472648
10 -38 0.439189
10 -36 -0.0541338
10 -34 -1.00163
10 -32 -2.24616
10 -30 -3.56559
10 -28 -4.60131
10 -26 -4.52754
10 -24 -3.63683
10 -22 -3.02411
10 -20 -3.2782
10 -18 -4.35565
10 -16 -6.14481
10 -14 -7.82991
10 -12 -8.97434
10 -10 -10.6283
10 -8 -14.0079
10 -6 -15.6443
10 -4 -16.5644
10 -2 -16.7464
10 0 -16.1747
10 2 -14.9346
10 4 -13.0885
10 6 -10.648
10 8 -8.57256
10 10 -7.03571
10 12 -5.41996
10 14 -4.03922
10 16 -3.05331
10 18 -2.40663
10 20 -2.05449
10 22 -1.80131
10 24 -1.63626
10 26 -1.56405
10 28 -1.69186
10 30 -1.03518
10 32 0.565043
10 34 2.20286
10 36 3.89247
10 38 5.49588
10 40 6.60063
10 42 6.86056
10 44 6.2103
10 46 4.90853
10 48 3.39115
10 50 2.04882

12 -50 -1.35503
12 -48 -0.660243
12 -46 0.349455
12 -44 1.43478
12 -42 2.26743
12 -40 2.58296
12 -38 2.30138
12 -36 1.50606
12 -34 0.312233
12 -32 -1.15665
12 -30 -2.61837
12 -28 -3.56646
12 -26 -3.61836
12 -24 -3.10461
12 -22 -2.78869
12 -20 -3.13161
12 -18 -4.27533
12 -16 -6.52305
12 -14 -7.56806
12 -12 -9.41141
12 -10 -11.4722
12 -8 -13.614
12 -6 -14.9182
12 -4 -15.7868
12 -2 -15.9526
12 0 -15.3948
12 2 -14.1686
12 4 -12.0318
12 6 -8.49784
12 8 -6.4743
12 10 -6.31518
12 12 -4.99727
12 14 -3.72875
12 16 -2.8004
12 18 -2.19925
12 20 -1.82942
12 22 -1.59129
12 24 -1.43057
12 26 -1.69296
12 28 -2.75464
12 30 -2.12555
12 32 0.496379
12 34 2.62355
12 36 4.52061
12 38 6.30295
12 40 7.53131
12 42 7.81042
12 44 7.06273
12 46 5.57931
12 48 3.85339
12 50 2.32757

14 -50 -0.358906
14 -48 0.520141
14 -46 1.69706
14 -44 2.89554
14 -42 3.68399
14 -40 3.99522
14 -38 3.53972
14 -36 2.53
14 -34 1.15945
14 -32 -0.424256
14 -30 -1.97517
14 -28 -3.03836
14 -26 -3.28128
14 -24 -2.94443
14 -22 -2.67628
14 -20 -2.95163
14 -18 -3.85366
14 -16 -5.28504
14 -14 -6.88997
14 -12 -8.73723
14 -10 -10.6023
14 -8 -12.2915
14 -6 -13.608
14 -4 -14.3889
14 -2 -14.5303
14 0 -14.013
14 2 -12.8869
14 4 -10.9624
14 6 -7.85467
14 8 -5.99663
14 10 -5.57641
14 12 -4.4708
14 14 -3.26553
14 16 -2.10823
14 18 -1.78491
14 20 -1.5339
14 22 -1.30171
14 24 -1.14069
14 26 -1.30705
14 28 -2.07215
14 30 -1.46745
14 32 1.31479
14 34 2.71431
14 36 4.5514
14 38 6.30794
14 40 7.50308
14 42 7.77089
14 44 7.02256
14 46 5.54588
14 48 3.83025
14 50 2.31227

16 -50 0.246309
16 -48 1.1613
16 -46 2.34334
16 -44 3.54099
16 -42 4.40692
16 -40 4.62213
16 -38 4.06982
16 -36 2.93342
16 -34 1.49078
16 -32 -0.102185
16 -30 -1.65134
16 -28 -2.75298
16 -26 -3.0752
16 -24 -2.79917
16 -22 -2.52115
16 -20 -2.71351
16 -18 -3.46445
16 -16 -4.63963
16 -14 -6.08463
16 -12 -7.7076
16 -10 -9.30525
16 -8 -10.7675
16 -6 -11.8966
16 -4 -12.5566
16 -2 -12.6625
16 0 -12.1989
16 2 -11.2231
16 4 -9.79533
16 6 -7.96798
16 8 -6.34822
16 10 -5.08894
16 12 -3.85881
16 14 -2.67054
16 16 -0.988325
16 18 -1.2197
16 20 -1.21668
16 22 -1.00436
16 24 -0.837636
16 26 -0.723127
16 28 -0.656357
16 30 -0.11289
16 32 1.04761
16 34 2.42664
16 36 3.98143
16 38 5.6794
16 40 6.52683
16 42 6.75541
16 44 6.10276
16 46 4.89537
16 48 3.66091
16 50 2.00837

18 -50 0.492164
18 -48 1.31125
18 -46 2.39702
18 -44 3.60343
18 -42 4.61811
18 -40 4.71761
18 -38 4.27512
18 -36 2.93625
18 -34 1.47518
18 -32 0.0556056
18 -30 -1.26402
18 -28 -2.2138
18 -26 -2.54077
18 -24 -2.38638
18 -22 -2.22459
18 -20 -2.43523
18 -18 -3.07944
18 -16 -4.00175
18 -14 -5.06089
18 -12 -6.32439
18 -10 -7.76942
18 -8 -9.07166
18 -6 -10.0097
18 -4 -10.5254
18 -2 -10.5806
18 0 -10.1698
18 2 -9.34362
18 4 -8.20199
18 6 -6.87512
18 8 -5.5232
18 10 -4.26877
18 12 -3.17965
18 14 -2.28742
18 16 -1.58265
18 18 -1.17145
18 20 -0.927052
18 22 -0.739295
18 24 -0.595776
18 26 -0.442454
18 28 -0.215542
18 30 0.197493
18 32 0.884397
18 34 1.85139
18 36 3.01958
18 38 4.16014
18 40 4.94917
18 42 5.12309
18 44 4.62816
18 46 3.6764
18 48 2.6181
18 50 1.52503

20 -50 0.487046
20 -48 1.14617
20 -46 2.1423
20 -44 3.5271
20 -42 4.96196
20 -40 5.49417
20 -38 4.54164
20 -36 2.77928
20 -34 1.25298
20 -32 0.105234
20 -30 -0.862485
20 -28 -1.44421
20 -26 -1.83778
20 -24 -1.87119
20 -22 -1.92703
20 -20 -2.23441
20 -18 -2.77405
20 -16 -3.24033
20 -14 -3.46091
20 -12 -4.156
20 -10 -5.80814
20 -8 -7.33686
20 -6 -8.17577
20 -4 -8.53771
20 -2 -8.52941
20 0 -8.19323
20 2 -7.50729
20 4 -6.54172
20 6 -5.47234
20 8 -4.38926
20 10 -3.3772
20 12 -2.503
20 14 -1.83656
20 16 -1.28359
20 18 -0.91764
20 20 -0.681303
20 22 -0.52992
20 24 -0.418144
20 26 -0.216159
20 28 -0.057472
20 30 0.117823
20 32 0.55332
20 34 1.18733
20 36 1.9619
20 38 2.72129
20 40 3.24916
20 42 3.36954
20 44 3.05271
20 46 2.47678
20 48 1.85604
20 50 1.14221

22 -50 0.358492
22 -48 0.845552
22 -46 1.75836
22 -44 3.33625
22 -42 5.14244
22 -40 5.94701
22 -38 5.00908
22 -36 2.40399
22 -34 0.861239
22 -32 -0.0349105
22 -30 -1.32291
22 -28 -1.14951
22 -26 -1.39357
22 -24 -1.59997
22 -22 -1.86095
22 -20 -2.26914
22 -18 -2.69774
22 -16 -2.58656
22 -14 -1.66791
22 -12 -1.3745
22 -10 -3.71963
22 -8 -5.81519
22 -6 -6.614
22 -4 -6.80988
22 -2 -6.82879
22 0 -7.14402
22 2 -6.63587
22 4 -5.23216
22 6 -4.21532
22 8 -3.33184
22 10 -2.5539
22 12 -1.88529
22 14 -1.34971
22 16 -0.950456
22 18 -0.673752
22 20 -0.495256
22 22 -0.386058
22 24 -0.272858
22 26 0.894842
22 28 0.981384
22 30 0.0186541
22 32 0.222244
22 34 0.587464
22 36 1.03861
22 38 1.48401
22 40 1.79842
22 42 1.87992
22 44 1.74865
22 46 1.80082
22 48 2.16026
22 50 1.46433

24 -50 0.202174
24 -48 0.51222
24 -46 1.21417
24 -44 2.5988
24 -42 4.31005
24 -40 5.09895
24 -38 4.08678
24 -36 1.94724
24 -34 0.410523
24 -32 -0.339729
24 -30 -0.226822
24 -28 -1.13112
24 -26 -1.42047
24 -24 -1.75028
24 -22 -2.16154
24 -20 -2.65978
24 -18 -3.08307
24 -16 -2.85965
24 -14 -1.77221
24 -12 -1.57263
24 -10 -3.38796
24 -8 -5.02106
24 -6 -5.52673
24 -4 -5.50008
24 -2 -5.66969
24 0 -7.65357
24 2 -7.28956
24 4 -4.93597
24 6 -3.6711
24 8 -2.4448
24 10 -1.84618
24 12 -1.35638
24 14 -0.968615
24 16 -0.68357
24 18 -0.490567
24 20 -0.3724
24 22 -0.309256
24 24 -0.261212
24 26 0.252093
24 28 0.275413
24 30 -0.168771
24 32 -0.0687442
24 34 0.134418
24 36 0.377154
24 38 0.589917
24 40 0.679145
24 42 0.805884
24 44 1.27135
24 46 1.349
24 48 2.37971
24 50 1.76286

26 -50 0.0667528
26 -48 0.190612
26 -46 0.57142
26 -44 1.40396
26 -42 2.68083
26 -40 3.75044
26 -38 3.44045
26 -36 1.63369
26 -34 0.244132
26 -32 -0.676732
26 -30 -1.60066
26 -28 -2.16595
26 -26 -2.01603
26 -24 -2.35663
26 -22 -2.86785
26 -20 -3.44947
26 -18 -3.99452
26 -16 -4.16089
26 -14 -3.81878
26 -12 -3.77357
26 -10 -4.50451
26 -8 -5.04821
26 -6 -5.00005
26 -4 -4.67218
26 -2 -4.55784
26 0 -5.35878
26 2 -5.15804
26 4 -3.4575
26 6 -2.49948
26 8 -1.693
26 10 -1.25745
26 12 -0.911883
26 14 -0.651783
26 16 -0.472722
26 18 -0.362929
26 20 -0.308758
26 22 -0.297091
26 24 -0.314562
26 26 -0.339132
26 28 -0.371058
26 30 -0.38186
26 32 -0.265868
26 34 0.0586962
26 36 0.291868
26 38 0.181453
26 40 0.0744804
26 42 0.0850695
26 44 0.134522
26 46 0.418581
26 48 0.983104
26 50 0.689814

28 -50 -0.0674541
28 -48 -0.430132
28 -46 -0.0924309
28 -44 0.356694
28 -42 1.06309
28 -40 2.19483
28 -38 2.2369
28 -36 0.801503
28 -34 -0.405967
28 -32 -1.37674
28 -30 -3.38725
28 -28 -4.66297
28 -26 -3.32039
28 -24 -3.92162
28 -22 -4.22028
28 -20 -4.62344
28 -18 -5.2984
28 -16 -5.40752
28 -14 -5.94009
28 -12 -5.93077
28 -10 -6.03886
28 -8 -5.54549
28 -6 -4.99256
28 -4 -4.40047
28 -2 -4.14105
28 0 -3.75453
28 2 -2.8381
28 4 -2.01765
28 6 -1.48016
28 8 -1.06398
28 10 -0.732878
28 12 -0.494752
28 14 -0.350805
28 16 -0.283924
28 18 -0.270626
28 20 -0.293972
28 22 -0.345619
28 24 -0.419819
28 26 -0.597733
28 28 -0.659541
28 30 -0.618369
28 32 -0.274536
28 34 0.769185
28 36 1.33269
28 38 0.482348
28 40 -0.28183
28 42 -0.411117
28 44 -0.354549
28 46 -0.257809
28 48 -0.134233
28 50 -0.125512

30 -50 -0.11847
30 -48 -0.472202
30 -46 -0.354554
30 -44 -0.259325
30 -42 0.0626107
30 -40 1.82224
30 -38 0.989316
30 -36 -0.603173
30 -34 -1.48366
30 -32 -2.09637
30 -30 -3.31414
30 -28 -4.27654
30 -26 -4.06759
30 -24 -5.43369
30 -22 -5.69713
30 -20 -6.06914
30 -18 -6.87941
30 -16 -7.48433
30 -14 -7.75054
30 -12 -7.62144
30 -10 -7.1338
30 -8 -6.36128
30 -6 -5.46589
30 -4 -4.72392
30 -2 -5.396
30 0 -4.90713
30 2 -2.49184
30 4 -1.41888
30 6 -0.889176
30 8 -0.460235
30 10 -0.143605
30 12 0.0224313
30 14 0.0389207
30 16 -0.0462174
30 18 -0.17357
30 20 -0.306865
30 22 -0.445895
30 24 -0.596594
30 26 -0.872545
30 28 -0.990882
30 30 -0.959997
30 32 -0.436838
30 34 1.19327
30 36 2.04497
30 38 0.632168
30 40 -0.624551
30 42 -0.842047
30 44 -0.740863
30 46 -0.612752
30 48 -0.492756
30 50 -0.389608

32 -50 -0.128719
32 -48 -0.218458
32 -46 -0.388015
32 -44 -0.562273
32 -42 -0.63835
32 -40 0.00299979
32 -38 -0.765424
32 -36 -1.7034
32 -34 -2.18432
32 -32 -2.60346
32 -30 -3.13246
32 -28 -3.77608
32 -26 -4.51364
32 -24 -5.60176
32 -22 -6.57533
32 -20 -7.59526
32 -18 -8.58741
32 -16 -9.28379
32 -14 -9.52972
32 -12 -9.25745
32 -10 -8.50099
32 -8 -7.38301
32 -6 -6.08616
32 -4 -5.02536
32 -2 -5.16474
32 0 -4.40958
32 2 -1.83885
32 4 -0.981183
32 6 -0.300565
32 8 0.279807
32 10 0.682548
32 12 0.808328
32 14 0.655059
32 16 0.333388
32 18 -0.0111178
32 20 -0.174749
32 22 -0.435864
32 24 -0.833485
32 26 -1.08766
32 28 -1.32069
32 30 -1.52937
32 32 -1.09106
32 34 -0.236372
32 36 0.304543
32 38 -0.558103
32 40 -1.28624
32 42 -1.32178
32 44 -1.13953
32 46 -0.933475
32 48 -0.717161
32 50 -0.577442

34 -50 -0.181396
34 -48 -0.309091
34 -46 -0.4658
34 -44 -0.609017
34 -42 -0.82764
34 -40 -1.25135
34 -38 -1.79487
34 -36 -2.22105
34 -34 -2.54286
34 -32 -2.90859
34 -30 -3.4577
34 -28 -4.24934
34 -26 -5.259
34 -24 -6.44152
34 -22 -7.73318
34 -20 -9.03667
34 -18 -10.1809
34 -16 -10.9558
34 -14 -11.1868
34 -12 -10.7947
34 -10 -9.82373
34 -8 -8.42722
34 -6 -6.82038
34 -4 -5.25554
34 -2 -4.02481
34 0 -2.82721
34 2 -1.41618
34 4 -0.544406
34 6 0.374485
34 8 1.23891
34 10 1.82989
34 12 1.94111
34 14 1.56087
34 16 0.899496
34 18 0.250489
34 20 0.218129
34 22 -0.202692
34 24 -1.11512
34 26 -1.50123
34 28 -1.83271
34 30 -2.11624
34 32 -2.2185
34 34 -2.05455
34 36 -1.91378
34 38 -2.04376
34 40 -2.06746
34 42 -1.86592
34 44 -1.58538
34 46 -1.15091
34 48 -0.0716793
34 50 -0.57882

36 -50 -0.213792
36 -48 -0.353285
36 -46 -0.440104
36 -44 -0.301163
36 -42 -0.285095
36 -40 -0.988092
36 -38 -1.87673
36 -36 -2.3264
36 -34 -2.50481
36 -32 -2.77702
36 -30 -3.40563
36 -28 -4.44098
36 -26 -5.7505
36 -24 -7.18983
36 -22 -8.67968
36 -20 -10.1329
36 -18 -11.3846
36 -16 -12.2158
36 -14 -12.4356
36 -12 -11.9573
36 -10 -10.8324
36 -8 -9.23507
36 -6 -7.40754
36 -4 -5.58834
36 -2 -3.9626
36 0 -2.48186
36 2 -0.571993
36 4 -0.0755164
36 6 1.07617
36 8 2.2848
36 10 3.14132
36 12 3.28437
36 14 2.59772
36 16 1.55549
36 18 0.508707
36 20 -0.226578
36 22 -0.859571
36 24 -1.49138
36 26 -1.97062
36 28 -2.41029
36 30 -2.78864
36 32 -3.05688
36 34 -3.17258
36 36 -3.15224
36 38 -3.02783
36 40 -2.81235
36 42 -2.44902
36 44 -2.07078
36 46 -1.53014
36 48 -0.355109
36 50 -0.80789

38 -50 -0.23595
38 -48 -0.381443
38 -46 -0.405809
38 -44 -0.0280249
38 -42 0.201278
38 -40 -0.665872
38 -38 -1.62206
38 -36 -2.18667
38 -34 -2.14433
38 -32 -2.25884
38 -30 -2.94152
38 -28 -4.22765
38 -26 -5.84203
38 -24 -7.5164
38 -22 -9.14563
38 -20 -10.6723
38 -18 -11.7561
38 -16 -12.8153
38 -14 -13.0208
38 -12 -12.495
38 -10 -11.2925
38 -8 -9.59698
38 -6 -7.66376
38 -4 -5.74465
38 -2 -4.01946
38 0 -2.53455
38 2 -1.15814
38 4 0.122126
38 6 1.59076
38 8 3.05335
38 10 4.05863
38 12 4.17684
38 14 3.38072
38 16 2.07541
38 18 0.741727
38 20 -0.356258
38 22 -1.19171
38 24 -1.86021
38 26 -2.45506
38 28 -3.00435
38 30 -3.47706
38 32 -3.82237
38 34 -3.99789
38 36 -3.9861
38 38 -3.79724
38 40 -3.46582
38 42 -3.00967
38 44 -2.55813
38 46 -2.02199
38 48 -1.61427
38 50 -1.26115

40 -50 -0.245438
40 -48 -0.406384
40 -46 0.0202393
40 -44 -0.359034
40 -42 -0.333037
40 -40 -1.0574
40 -38 -1.8675
40 -36 -2.01569
40 -34 -1.76324
40 -32 -1.73806
40 -30 -2.42783
40 -28 -3.8515
40 -26 -5.62896
40 -24 -7.40302
40 -22 -9.05365
40 -20 -10.5575
40 -18 -11.8117
40 -16 -12.6246
40 -14 -12.8084
40 -12 -12.2755
40 -10 -11.0791
40 -8 -9.41539
40 -6 -7.48997
40 -4 -5.59592
40 -2 -3.89427
40 0 -2.42778
40 2 -1.13117
40 4 0.208836
40 6 1.70033
40 8 3.18347
40 10 4.20216
40 12 4.32433
40 14 3.54168
40 16 2.2535
40 18 0.869746
40 20 -0.371508
40 22 -1.38726
40 24 -2.19397
40 26 -2.90063
40 28 -3.54902
40 30 -4.10607
40 32 -4.51221
40 34 -4.71762
40 36 -4.70017
40 38 -4.40247
40 40 -3.92553
40 42 -3.55636
40 44 -2.99408
40 46 -2.43503
40 48 -1.91973
40 50 -1.47083

42 -50 -0.239177
42 -48 -0.411239
42 -46 -0.579846
42 -44 -0.819804
42 -42 -1.10068
42 -40 -1.6011
42 -38 -1.99852
42 -36 -1.96788
42 -34 -1.67507
42 -32 -1.62155
42 -30 -2.26001
42 -28 -3.60303
42 -26 -5.27379
42 -24 -6.92167
42 -22 -8.43465
42 -20 -9.80162
42 -18 -10.954
42 -16 -11.668
42 -14 -11.8228
42 -12 -11.3199
42 -10 -10.2079
42 -8 -8.65282
42 -6 -6.88624
42 -4 -5.13743
42 -2 -3.48885
42 0 -1.7211
42 2 -1.05095
42 4 0.107595
42 6 1.2604
42 8 2.6262
42 10 3.48042
42 12 3.59363
42 14 2.99411
42 16 1.98933
42 18 0.796566
42 20 -0.407461
42 22 -1.55464
42 24 -2.45989
42 26 -3.24922
42 28 -3.97273
42 30 -4.5942
42 32 -5.04613
42 34 -5.27239
42 36 -5.2482
42 38 -5.11758
42 40 -4.52616
42 42 -3.95342
42 44 -3.31907
42 46 -2.69137
42 48 -2.11469
42 50 -1.6142

44 -50 -0.21876
44 -48 -0.381683
44 -46 -0.617434
44 -44 -0.924887
44 -42 -1.30248
44 -40 -1.70925
44 -38 -1.99212
44 -36 -1.75472
44 -34 -1.87533
44 -32 -1.90611
44 -30 -2.44486
44 -28 -3.50976
44 -26 -4.83079
44 -24 -6.15467
44 -22 -7.39804
44 -20 -8.54338
44 -18 -9.76609
44 -16 -10.1144
44 -14 -10.2343
44 -12 -9.79095
44 -10 -8.82357
44 -8 -7.47498
44 -6 -5.94516
44 -4 -4.43254
44 -2 -3.0806
44 0 -1.92454
44 2 -0.987406
44 4 -0.0873153
44 6 0.0597307
44 8 1.69139
44 10 2.29547
44 12 2.3705
44 14 1.97842
44 16 1.30599
44 18 0.407741
44 20 -0.669006
44 22 -1.71926
44 24 -2.62956
44 26 -3.45093
44 28 -4.21365
44 30 -4.87032
44 32 -5.34677
44 34 -5.58286
44 36 -5.55236
44 38 -5.26949
44 40 -4.78263
44 42 -4.16292
44 44 -3.48635
44 46 -2.81866
44 48 -2.20717
44 50 -1.67849

46 -50 -0.188648
46 -48 -0.328758
46 -46 -0.537049
46 -44 -0.821084
46 -42 -1.17063
46 -40 -1.62516
46 -38 -1.8976
46 -36 -2.00743
46 -34 -2.066
46 -32 -2.20598
46 -30 -2.62403
46 -28 -3.34666
46 -26 -4.24012
46 -24 -5.17422
46 -22 -6.09984
46 -20 -6.98316
46 -18 -7.73499
46 -16 -8.21778
46 -14 -8.30614
46 -12 -7.94004
46 -10 -7.08579
46 -8 -6.05595
46 -6 -4.81454
46 -4 -3.51467
46 -2 -2.24003
46 0 -1.58474
46 2 -0.870229
46 4 -0.240205
46 6 0.345478
46 8 0.860636
46 10 1.18154
46 12 1.19814
46 14 0.933149
46 16 0.47768
46 18 -0.16322
46 20 -0.984427
46 22 -1.88747
46 24 -2.58381
46 26 -3.47614
46 28 -4.23435
46 30 -4.89154
46 32 -5.33179
46 34 -5.73618
46 36 -5.5657
46 38 -5.2762
46 40 -5.29098
46 42 -4.15363
46 44 -3.47006
46 46 -2.79721
46 48 -2.18288
46 50 -1.65375

48 -50 -0.152081
48 -48 -0.264954
48 -46 -0.433272
48 -44 -0.664536
48 -42 -0.953658
48 -40 -1.28412
48 -38 -1.56938
48 -36 -1.81822
48 -34 -1.99825
48 -32 -2.19371
48 -30 -2.49678
48 -28 -2.93676
48 -26 -3.47778
48 -24 -4.07904
48 -22 -4.71763
48 -20 -5.35444
48 -18 -5.90905
48 -16 -6.26059
48 -14 -6.31956
48 -12 -6.03618
48 -10 -5.43411
48 -8 -4.60003
48 -6 -3.65497
48 -4 -2.45137
48 -2 -0.948174
48 0 -1.1718
48 2 -0.707989
48 4 -0.296954
48 6 0.039973
48 8 0.302299
48 10 0.443307
48 12 0.413835
48 14 0.21627
48 16 -0.188762
48 18 -0.582607
48 20 -1.20514
48 22 -2.14804
48 24 -2.80951
48 26 -3.32886
48 28 -4.0314
48 30 -4.65412
48 32 -4.91761
48 34 -5.32558
48 36 -5.28616
48 38 -5.00509
48 40 -4.52905
48 42 -3.92705
48 44 -3.27282
48 46 -2.63045
48 48 -2.04571
48 50 -1.54392

50 -50 -0.114982
50 -48 -0.200323
50 -46 -0.327668
50 -44 -0.503165
50 -42 -0.724926
50 -40 -0.978695
50 -38 -1.20253
50 -36 -1.47265
50 -34 -1.67305
50 -32 -1.859
50 -30 -2.06681
50 -28 -2.32212
50 -26 -2.63322
50 -24 -3.00123
50 -22 -3.41789
50 -20 -3.84902
50 -18 -4.22803
50 -16 -4.4713
50 -14 -4.5071
50 -12 -4.30138
50 -10 -3.87037
50 -8 -3.27525
50 -6 -2.60275
50 -4 -1.92277
50 -2 -1.29375
50 0 -0.88
50 2 -0.527872
50 4 -0.269033
50 6 -0.0837964
50 8 0.0372015
50 10 0.0825385
50 12 0.0333948
50 14 -0.117044
50 16 -0.436846
50 18 -0.71714
50 20 -1.1835
50 22 -1.89372
50 24 -2.56677
50 26 -2.99988
50 28 -3.62643
50 30 -4.19678
50 32 -4.60117
50 34 -4.79535
50 36 -4.75707
50 38 -4.49913
50 40 -4.06523
50 42 -3.51818
50 44 -2.92504
50 46 -2.34406
50 48 -1.81672
50 50 -1.36583

